127.429458564
1767.30284202
14016.2820229
14678.1832449
14063.7778495
13641.8027399
1797.25016691
14.9991125712
6377.42551554
15112.3670138
5405.06680572
144.153664038
9806.33365594
499.087969883
5798.49655616
15308.8461354
3853.98872055
4739.64220517
1845.14792124
9443.68436125
6294.13988755
129.590183225
13830.3725994
5330.88863925
15962.4300298
126.889048737
95.5251757577
14304.1872291
5239.58734837
2573.21323226
1246.17105181
496.543226344
6579.29441471
172.356334798
16989.4464932
5469.20584740
15810.4305090
1768.47728451
87.9219985011
17594.1041049
7259.77879382
2508.16585913
1102.55126965
9439.82980800
6516.26671058
14.9057482964
15271.3831890
6383.03825588
13615.3427802
1776.10135099
14.0663071146
17745.3988411
3722.74987599
3358.40411167
1464.51093041
9775.52678074
6366.42453095
121.240712656
13713.5387169
5408.48976036
108.093977588
13504.9297640
4786.86071446
2928.40776134
1450.55044623
6360.44590688
88.6680820035
15506.3089403
2794.02317442
7960.77141195
1328.40336950
3666.31540683
6650.71021392
69.2212649912
2367.06099123
4020.60633045
141.079549053
8987.08670128
5364.85218126
117.746274501
1945.11262576
3623.52773201
3313.69943850
3193.45018290
4773.81402983
2566.48631299
64.9201278741
10000.9517525
1337.62068573
1693.05183987
1567.73469875
1173.96192806
57.8214028540
1154.13389152
1472.74672578
3341.87453607
2527.29640606
6229.80932854
1245.27323793
1269.21717773
1334.56568648
1477.95076649
50.2496003345
1356.84241278
487.945257523
2300.91717261
7997.66364097
1212.84999026
1266.44168843
1406.23888343
1456.07716898
707.512403121
644.834481879
662.695233967
573.818159745
984.800068225
197.071376627
1486.17714272
306.325048321
423.620312545
434.857421376
282.509733129
17.2468397702
415.064386442
1545.73123556
14.2988884404
1303.48784303
2379.84867301
1844.66327537
275.671423018
3604.34219380
1761.08624608
157.836925062
606.813991657
1807.52390888
460.044613821
100.239418703
1882.62609436
2274.57775411
81.0984166052
580.453948562
1096.46785505
850.821485154
708.792511625
1887.54321864
653.369719727
65.2215878156
1563.54331734
2184.34860756
55.2037498202
492.578454114
1065.95549385
868.538058964
432.118192380
530.821123212
1601.26835353
523.814358151
46.5755123552
749.612255179
342.761949567
805.566900941
479.642898946
54.8579151699
100.444203179
563.480300361
325.478257132
959.887042381
84.5587000017
452.149444207
3930.74819949
106.961018852
1423.23673505
698.743994267
84.6495058491
408.602492960
62.0249275169
752.937806251
648.508117044
465.204735490
274.773056443
974.525221739
195.018544025
301.902837279
3834.33737548
63.6282855236
1456.19356013
927.285572928
195.245367683
314.994137961
39.0879764921
751.200172686
630.813643299
407.509363771
243.748515949
81.1219053350
481.024079774
56.8685929556
34.4197485037
415.420863434
28.6661706442
812.420847796
146.416122927
2280.58511207
936.300627628
116.351072445
931.866594558
913.079106905
694.526783606
191.513973571
802.732699967
144.343152737
43.4961381523
2174.34549439
949.403874867
38.4415187236
824.954652547
939.292569487
737.323791410
199.605939738
148.280511717
696.947661357
121.997734192
22.4852106011
674.126176088
158.256975452
20.4177654072
1209.02940557
1620.12152665
155.481474067
39.9204262074
1070.19119440
1631.46965063
29.1741675019
1688.37847727
510.018228348
134.496818349
157.161849082
1682.16176216
412.872214708
13.5702956102
3144.76190787
5997.42832807
14.1344875443
3395.14121249
47.5839296121
1359.68337051
57.2003473172
6360.20910480
14.0786934204
1324.44081018
25.3186573024
102.658745132
29.4359714410
484.964335836
120.557269189
13.6853101317
6205.69669408
3744.19510928
46.3025303647
13.7063919567
2541.45455443
3918.56660126
38.4420467588
37.0073564329
32.0304022280
132.419739326
65.6232248068
7294.04054187
1019.36832724
1675.35141156
1117.23941580
1054.33600945
385.190182321
2864.46197683
147.398788405
240.869723558
243.774479072
142.988780785
702.578007952
800.950252450
679.624177515
580.740495480
169.435723894
672.744655455
658.697326074
877.402015690
7863.46426803
542.898137235
4224.11255024
3227.54871762
6037.17510543
81.7205491213
3407.06214091
2749.30161629
6273.36740380
3772.31997596
160.377138826
1746.79538263
3388.82843996
308.449292305
3558.57214460
2412.91989995
3854.41908551
1889.12744907
136.586931790
7489.22877122
3410.31715524
871.085531386
548.626304075
112.906031161
1232.25745765
1585.74132665
3580.74077502
476.750630591
120.726403779
1142.38582291
388.306577827
1286.58911331
416.957895044
372.100086786
1009.83536321
274.274159832
256.510607365
230.912702794
845.125090939
419.081717058
3474.48264013
298.245012712
484.528628386
559.403676746
1306.70638110
2549.50726712
1035.01567895
356.602355287
1276.66495412
1157.52567092
1260.27400732
153.952673766
438.223284283
688.273166803
415.281077852
1273.58967104
370.722911531
142.315284299
907.086106142
1094.00602465
107.906808906
332.012057713
594.709323907
723.917483307
291.201733298
269.328120669
1094.17926768
247.299796221
92.0968317703
626.671819704
197.034699009
567.161942493
369.405666747
142.604940334
282.771574067
681.090962460
325.590117255
707.575846633
195.082301246
477.954025940
2868.21848207
285.298709304
1008.94201262
393.572635505
207.113137282
316.061476023
201.092135321
570.680651168
634.429868481
393.923922088
253.785219364
642.988207811
283.214578001
330.030539095
2655.65432369
208.904809259
961.806888369
307.938363396
303.698666049
215.052997250
131.758807897
504.077220404
582.808740495
298.002945571
505.918922952
239.571353055
293.039432923
199.023935631
111.668662639
207.651201077
92.3693835582
844.246115674
350.479758096
1694.23564264
711.406277922
256.349256709
157.173724580
674.357879586
117.116847452
132.064053340
1509.82240139
675.612102155
104.424838319
108.243166308
571.236049409
87.3021449886
66.6448933671
53.4350589901
1794.28847619
68.0787143554
10623.3840193
27.3290146213
173.549751427
31.5073632883
1180.90190191
36.2760324607
210.785828976
49.1648623773
42.0741744725
38.2076248401
35.1303086312
262.711359678
65.8468924926
12013.4206045
6577.08251109
2183.91736438
1922.85069494
288.050282443
1839.24673479
472.721981828
329.202331075
193.311054048
1395.77333075
258.788529831
1901.96729196
1263.61199555
127.610482274
1339.44264095
331.835983630
76.0676705868
1525.08225905
1123.88656476
58.0210372593
3396.49230085
6157.95983607
13.5331612596
2866.20907849
3482.96713603
6318.13841890
4166.61238577
75.9898193479
2634.42228930
4806.38655590
195.314321376
4596.04993420
2844.63162089
4114.16148305
2438.76937384
86.6459036878
9039.69146187
4832.05656568
969.479692899
594.749192133
67.3857492345
1621.67758478
2011.67219362
5179.45319523
619.938485789
63.6553472910
1838.90812774
460.641158509
1631.94762683
183.681414258
456.361181062
1538.98399669
105.149582912
320.972760165
80.2745696578
1034.69827927
544.627885851
5615.45721998
382.732398055
914.215786153
935.574094786
2205.80328960
268.823348837
1476.34682546
2536.55441863
1488.53816016
460.214979815
1759.66550958
1285.96038495
1829.42884249
56.2149504977
536.751772883
956.583289205
531.388974565
1864.18552723
446.452608737
51.3693143703
1116.94086420
1816.31504861
39.8514264031
464.323702707
929.200935349
1060.23448961
389.125469814
429.047627738
1846.36510229
386.001358871
35.1871469497
1043.31005007
319.684731465
936.714325879
339.112602047
66.9876837249
129.333048388
1008.57061670
232.116589380
492.577219761
1076.83792507
72.2611765454
92.1425419800
996.956895263
4724.06848591
128.257000107
1660.12913357
289.189905601
103.639175553
363.925840434
77.9902919401
1057.76256507
1140.08976261
647.431146135
63.2394842358
445.627736984
1027.39278598
36.0453833993
154.000122136
1753.85435225
4570.01702253
76.9597671210
1712.21925073
157.207843845
194.785839448
225.258676881
45.5442515972
1036.65405956
1122.67649914
559.500615506
32.0490937220
389.053737190
341.568779834
1235.36469295
2934.08356324
1020.40942744
217.476714830
1194.75167866
157.973407184
2706.18055885
942.047849466
136.851862688
1097.23356122
104.350131775
14.1084979944
1393.21214049
13.7682646067
6251.49898986
148.143128992
136.645174011
39.2546300121
774.556508183
164.589454153
14.3442976109
17.1536820088
20.1677874250
28.7467609737
156.720961606
13.7063751355
9111.59236176
1443.04800928
2129.96582676
1144.46152653
817.706665615
186.761320386
2175.18246883
293.148778139
430.174416829
436.381196091
277.100294757
800.240812502
999.162717089
1002.81738856
829.799461908
206.235364689
868.197323386
1012.32129417
4173.79442397
7391.17357395
67.8506564073
2306.66688516
4427.73565140
113.097935452
10317.4684985
5594.95920468
118.451599271
2250.41926985
4070.38983835
3604.49732831
3324.33602229
4496.31455070
2800.35139625
59.5749734223
10702.1075493
1491.15251214
1824.94842987
1736.80271083
1308.61600563
54.6892290970
1184.68790185
1841.30023314
3735.32463777
1385.32169826
1389.72506927
1744.31178480
48.8780876201
1566.47290823
571.719871705
1631.64170749
1665.37626629
802.882105292
745.162338288
758.045931218
669.801640619
1824.44928099
272.624904370
3610.35543170
2050.07342342
169.308977040
676.215657960
1895.80005456
514.171534541
110.034309378
1848.93292533
2527.66145466
90.5905285326
575.123058105
1241.81621277
885.719475101
752.011278077
1986.14909312
684.565165358
70.2017157300
1482.53129578
2479.19459226
59.5979633168
480.024084808
1226.74274194
921.506811556
466.636779584
591.802336552
1768.74434063
581.693359908
50.0935997394
834.771173986
384.940925359
905.411551759
580.127977287
52.4941506141
110.265567154
640.437999888
325.701972224
1070.55260944
81.9909781707
395.146828250
4670.97056963
117.016060475
1662.68611125
922.820358798
80.6361282829
422.896752293
65.0089280915
863.746301200
731.385725808
523.692641775
269.798297072
1091.02937492
193.898735882
270.574676660
4526.50377465
66.6373465106
1710.51898789
1518.73307780
189.697293232
324.801304461
40.4031650239
862.769364451
721.960246844
464.253121499
243.813980294
83.9019455125
513.637239314
59.3965932112
35.1960308077
462.978969974
29.7271502957
915.953895145
145.245301446
2646.36508325
1067.16647340
115.946410078
199.015018740
902.079577052
146.169041933
43.9915901459
2491.87157916
1063.44304287
38.6302700458
153.314731168
689.314710965
125.836716434
22.8984004337
51.1298226120
1353.17648367
59.3596718173
6171.04794850
27.9005490687
113.639036410
32.5523382679
451.622440091
131.422820514
51.5248415453
42.7982214070
42.0323920104
35.4794929237
137.833949626
72.6884654113
6868.79999908
1010.37942683
1860.04734111
1115.09040344
966.066848097
378.281995457
3034.84029609
164.063310197
263.614960096
267.161861209
159.271489580
618.443535369
777.014161436
762.945338094
527.946368942
174.265605946
642.626805966
746.197131281
3287.35268674
6285.16672168
71.5087153479
3174.64879880
2837.05504513
266.711329861
6245.42759729
4005.07458930
201.918328748
1726.68860178
3130.48069065
3442.51106780
2408.68093441
3773.80878450
1866.17164216
122.152227866
7412.58878544
3396.37499756
945.741871486
636.235368505
116.484956820
1189.38770502
1795.82950249
3290.09984565
483.146948104
117.931360944
1028.68311676
409.212337097
1164.10197690
383.990811754
378.112529718
1138.21538778
277.421742290
274.288489670
212.573508166
756.535218465
472.989691659
3462.49247805
353.338246700
490.845505535
577.185683828
1147.77289905
2318.31504511
1110.86988245
370.057254411
1131.96370204
1041.67264215
1316.23709258
159.894762872
399.182920815
758.509877222
418.580655330
1136.68306865
380.984903128
136.238833843
836.678436305
1160.15208199
108.026864135
314.297945416
672.415254222
644.557730574
296.538888693
275.236654446
958.869585684
259.109322715
91.7965556216
549.784334872
204.124597399
590.857702841
448.440258519
141.828704558
279.754459561
602.704544650
321.887973139
807.011369303
211.488460039
397.454265348
2831.63831404
288.888174105
1011.94653959
454.340792063
212.638673739
309.350966803
193.165835917
588.246869828
569.745767429
405.489684011
248.969887723
756.318388554
294.223023236
282.378739397
2606.58172120
202.683805363
961.263835535
436.775966628
296.763612826
227.976445930
125.683051592
525.630870361
525.269536711
311.662975262
465.954519427
263.031658458
300.206974574
195.209265188
113.981167614
218.831605678
94.0494028933
731.347102191
335.593446275
1685.54731076
783.357965052
281.933983354
156.662631643
598.028077600
117.614465652
132.789958093
1528.63205870
745.800980786
111.117205530
115.354227970
510.775856521
94.4513640424
70.8795711142
46.7524854387
1790.87971417
58.2860597660
9228.98529147
25.3539395991
178.864735484
28.9457859042
1010.56078688
36.3496184610
211.643390843
43.7380526051
37.3857199077
35.0099181099
31.7965395569
266.742964920
62.6373149043
10354.2152976
5807.18836878
1951.75340438
1657.45036455
332.399801261
1619.52211933
522.538107483
354.467120743
215.201590716
1230.48642968
265.824323004
1655.98987445
1254.04450929
138.551835370
1169.52806627
329.587653275
76.4787633056
1368.35318302
1120.25882382
58.3257777725
87.6793346701
2372.97038779
4687.92527451
195.791183160
4414.11740840
2103.03440797
84.7962352461
65.3755596863
1501.64336649
2358.24615778
4749.75196267
570.576178454
60.0375735544
1496.62911224
477.637484326
1418.86689765
186.566981857
431.102597548
1381.76690053
99.7066815028
292.522014453
74.2214100259
913.152748006
488.536587125
4832.96356595
347.534324833
783.364357051
810.321053937
1826.71998113
266.128558243
52.7390070954
505.429518597
859.904417681
443.464388320
49.0212261382
38.0166470376
448.580051568
841.432736898
949.871065751
364.979107174
381.430254132
34.1701914220
942.511975355
301.324423959
795.377731531
415.258814348
63.7786122298
129.486274626
866.036553184
229.542158044
469.976736194
1007.54341453
69.3156243932
92.9732723868
628.507536271
3976.78934621
126.975293447
1426.53002494
360.999968876
103.605003599
355.354339992
74.6985648395
930.119462111
1010.76669228
587.371738040
59.4954499719
437.614984976
970.854544281
34.3275821245
160.703479586
877.666741930
3859.68747408
73.1952252985
1487.77066297
177.272501206
201.028370559
222.652489142
43.4998360816
916.753853451
1015.08684897
509.300655659
30.4854996857
375.346628265
330.096254533
1098.10101664
2574.08805809
959.014716714
213.114709922
1035.10683198
158.255905884
2363.79910981
879.220249888
135.314257606
939.121934932
105.526309210
