0
0
-338963.001491
0
0
-42370.3751864
0
0
-338963.001491
0
0
-338963.001491
0
0
-47666.6720847
0
0
-42370.3751864
0
0
-52962.9689830
0
0
-119249.982292
0
0
-47666.6720847
0
0
-42370.3751864
0
0
-338963.001491
0
0
-52962.9689830
0
0
-24813.4447176
0
0
-47666.6720847
0
0
-42370.3751864
0
0
-338963.001491
0
0
-52962.9689830
0
0
-119249.982292
0
0
-47666.6720847
0
0
-42370.3751864
0
0
-338963.001491
0
0
-52962.9689830
0
0
-119249.982292
0
0
-47666.6720847
0
0
-42370.3751864
0
0
-52962.9689830
0
0
-24813.4447176
0
0
-47666.6720847
0
0
-52962.9689830
0
0
-119249.982292
0
0
-47666.6720847
0
0
-27722.1567274
0
0
-40882.3915334
0
0
-37165.8104849
0
0
-40882.3915334
0
0
-44598.9725818
0
0
-30494.3724001
0
0
-30494.3724001
0
0
-48315.5536303
0
0
-44598.9725818
0
0
-52398.4422193
0
0
-21932.1329177
0
0
-36038.8037456
0
0
-36038.8037456
0
0
-27722.1567274
0
0
-33266.5880729
0
0
-33266.5880729
0
0
-38811.0194183
0
0
-23619.2200653
0
0
-23619.2200653
0
0
-25306.3072128
0
0
-25306.3072128
0
0
-23619.2200653
0
0
-60769.7909762
0
0
-18137.9223067
0
0
-20927.6771877
0
0
-19532.4987085
0
0
-18137.9223067
0
0
-10116.0360640
0
0
-22322.8556669
0
0
-19532.4987085
0
0
-32753.6139690
0
0
-30414.0701141
0
0
-32753.6139690
0
0
-35093.1578239
0
0
-37432.7016789
0
0
-35093.1578239
0
0
-37432.7016789
0
0
-39772.2455338
0
0
-16750.7849702
0
0
-16750.7849702
0
0
-42111.7893887
0
0
-39772.2455338
0
0
-42111.7893887
0
0
-44451.3332437
0
0
-18844.6330915
0
0
-18844.6330915
0
0
-46790.8770986
0
0
-44451.3332436
0
0
-20938.4812127
0
0
-25306.3072128
0
0
-26993.3943603
0
0
-10811.6411237
0
0
-11532.4171986
0
0
-11532.4171986
0
0
-12253.1932735
0
0
-28680.4815078
0
0
-26993.3943603
0
0
-28680.4815078
0
0
-30367.5686553
0
0
-12253.1932735
0
0
-12973.9693484
0
0
-12973.9693484
0
0
-13694.7454233
0
0
-32054.6558029
0
0
-30367.5686553
0
0
-32054.6558029
0
0
-33741.7429504
0
0
-13694.7454233
0
0
-14415.5214982
0
0
-15703.8609095
0
0
-17797.7090308
0
0
-17797.7090308
0
0
-19891.5571521
0
0
-19891.5571521
0
0
-12822.2250071
0
0
-12020.8359441
0
0
-12822.2250071
0
0
-13623.6140700
0
0
-10790.4384683
0
0
-10790.4384683
0
0
-14425.0031330
0
0
-13623.6140700
0
0
-14425.0031329
0
0
-15226.3921959
0
0
-12139.2432768
0
0
-12139.2432768
0
0
-16027.7812588
0
0
-15226.3921959
0
0
-13488.0480854
0
0
-11464.8408726
0
0
-22322.8556669
0
0
-11464.8408726
0
0
-12813.6456811
0
0
-25113.2126252
0
0
-25113.2126252
0
0
-12813.6456811
0
0
-27903.5695836
0
0
-30494.3724001
0
0
-47666.6720847
0
0
-38811.0194183
0
0
-33266.5880729
0
0
-19532.4987085
0
0
-12813.6456811
0
0
-12813.6456811
0
0
-13488.0480854
0
0
-30494.3724001
0
0
-19532.4987085
0
0
-36038.8037456
0
0
-10116.0360640
0
0
-11464.8408726
0
0
-11464.8408726
0
0
-33266.5880729
0
0
-12644.9314281
0
0
-20927.6771877
0
0
-3774.12494154
0
0
-10790.4384683
0
0
-10790.4384683
0
0
-12139.2432768
0
0
-12139.2432768
0
0
-52398.4422193
0
0
-47666.6720847
0
0
-37165.8104849
0
0
-30494.3724001
0
0
-27722.1567274
0
0
-30494.3724001
0
0
-33266.5880729
0
0
-30494.3724001
0
0
-30494.3724001
0
0
-36038.8037456
0
0
-33266.5880729
0
0
-10903.0276089
0
0
-18740.1779477
0
0
-36038.8037456
0
0
-36038.8037456
0
0
-21623.2822474
0
0
-21623.2822474
0
0
-20181.7300975
0
0
-20181.7300975
0
0
-20181.7300975
0
0
-18137.3202293
0
0
-20927.6771877
0
0
-20927.6771877
0
0
-11800.7994167
0
0
-3774.12494154
0
0
-19532.4987085
0
0
-19532.4987085
0
0
-22322.8556669
0
0
-22322.8556669
0
0
-23718.0341461
0
0
-11800.7994167
0
0
-25113.2126252
0
0
-23718.0341461
0
0
-25113.2126252
0
0
-26508.3911044
0
0
-13275.8993437
0
0
-13275.8993437
0
0
-27903.5695836
0
0
-26508.3911044
0
0
-14750.9992708
0
0
-21623.2822474
0
0
-23064.8343972
0
0
-10811.6411237
0
0
-11532.4171986
0
0
-11532.4171986
0
0
-12253.1932735
0
0
-24506.3865470
0
0
-23064.8343972
0
0
-24506.3865470
0
0
-25947.9386968
0
0
-12253.1932735
0
0
-12973.9693484
0
0
-12973.9693484
0
0
-13694.7454233
0
0
-27389.4908467
0
0
-25947.9386968
0
0
-27389.4908467
0
0
-28831.0429965
0
0
-13694.7454233
0
0
-14415.5214982
0
0
-11063.2494531
0
0
-12538.3493802
0
0
-12538.3493802
0
0
-14013.4493073
0
0
-14013.4493073
0
0
-11800.7994167
0
0
-11063.2494531
0
0
-11800.7994167
0
0
-12538.3493802
0
0
-13275.8993437
0
0
-12538.3493802
0
0
-13275.8993437
0
0
-14013.4493073
0
0
-14750.9992708
0
0
-14013.4493073
0
0
-52032.1346788
0
0
-44598.9725818
0
0
-26091.4228641
0
0
-26091.4228641
0
0
-27464.6556464
0
0
-32753.6139690
0
0
-20598.4917348
0
0
-23344.9572995
0
0
-23344.9572995
0
0
-44598.9725818
0
0
-60769.7909762
0
0
-18137.9223067
0
0
-21971.7245172
0
0
-21971.7245172
0
0
-24718.1900818
0
0
-24718.1900818
0
0
-47666.6720847
0
0
-27722.1567274
0
0
-30494.3724001
0
0
-27722.1567274
0
0
-30494.3724001
0
0
-33266.5880729
0
0
-40882.3915334
0
0
-40882.3915334
0
0
-36038.8037456
0
0
-33266.5880729
0
0
-52398.4422193
0
0
-21932.1329177
0
0
-48315.5536303
0
0
-48315.5536303
0
0
-25306.3072128
0
0
-25306.3072128
0
0
-23619.2200653
0
0
-23619.2200653
0
0
-23619.2200653
0
0
-18137.3202293
0
0
-20927.6771877
0
0
-20927.6771877
0
0
-12822.2250071
0
0
-18137.9223067
0
0
-35093.1578239
0
0
-19532.4987085
0
0
-19532.4987085
0
0
-22322.8556669
0
0
-22322.8556669
0
0
-23718.0341461
0
0
-12822.2250071
0
0
-25113.2126252
0
0
-23718.0341461
0
0
-25113.2126252
0
0
-26508.3911044
0
0
-14425.0031330
0
0
-14425.0031330
0
0
-27903.5695836
0
0
-26508.3911044
0
0
-16027.7812588
0
0
-25306.3072128
0
0
-26993.3943603
0
0
-14494.6660891
0
0
-15460.9771617
0
0
-15460.9771617
0
0
-16427.2882343
0
0
-28680.4815078
0
0
-26993.3943603
0
0
-28680.4815078
0
0
-30367.5686553
0
0
-16427.2882343
0
0
-17393.5993069
0
0
-17393.5993069
0
0
-18359.9103795
0
0
-32054.6558029
0
0
-30367.5686553
0
0
-32054.6558029
0
0
-33741.7429504
0
0
-18359.9103795
0
0
-19326.2214521
0
0
-12020.8359441
0
0
-13623.6140700
0
0
-13623.6140700
0
0
-15226.3921959
0
0
-15226.3921959
0
0
-16750.7849702
0
0
-15703.8609095
0
0
-16750.7849702
0
0
-17797.7090308
0
0
-18844.6330915
0
0
-17797.7090308
0
0
-18844.6330915
0
0
-19891.5571521
0
0
-20938.4812127
0
0
-19891.5571521
0
0
-38811.0194183
0
0
-33266.5880729
0
0
-12813.6456811
0
0
-12813.6456811
0
0
-13488.0480854
0
0
-19532.4987085
0
0
-10116.0360640
0
0
-11464.8408726
0
0
-11464.8408726
0
0
-33266.5880729
0
0
-60769.7909762
0
0
-20927.6771877
0
0
-18137.9223067
0
0
-10790.4384683
0
0
-10790.4384683
0
0
-12139.2432768
0
0
-12139.2432768
0
0
-47666.6720847
0
0
-27722.1567274
0
0
-40882.3915334
0
0
-37165.8104849
0
0
-40882.3915334
0
0
-44598.9725818
0
0
-30494.3724001
0
0
-30494.3724001
0
0
-48315.5536303
0
0
-44598.9725819
0
0
-52398.4422193
0
0
-21932.1329177
0
0
-36038.8037456
0
0
-36038.8037456
0
0
-23619.2200653
0
0
-23619.2200653
0
0
-25306.3072128
0
0
-25306.3072128
0
0
-23619.2200653
0
0
-18137.9223067
0
0
-32753.6139690
0
0
-30414.0701141
0
0
-32753.6139690
0
0
-35093.1578239
0
0
-37432.7016789
0
0
-35093.1578239
0
0
-37432.7016789
0
0
-39772.2455338
0
0
-16750.7849702
0
0
-16750.7849702
0
0
-42111.7893887
0
0
-39772.2455338
0
0
-42111.7893887
0
0
-44451.3332436
0
0
-18844.6330915
0
0
-18844.6330915
0
0
-46790.8770986
0
0
-44451.3332436
0
0
-20938.4812127
0
0
-25306.3072128
0
0
-26993.3943603
0
0
-10811.6411237
0
0
-11532.4171986
0
0
-11532.4171986
0
0
-12253.1932735
0
0
-28680.4815078
0
0
-26993.3943603
0
0
-28680.4815078
0
0
-30367.5686553
0
0
-12253.1932735
0
0
-12973.9693484
0
0
-12973.9693484
0
0
-13694.7454233
0
0
-32054.6558029
0
0
-30367.5686553
0
0
-32054.6558029
0
0
-33741.7429504
0
0
-13694.7454233
0
0
-14415.5214982
0
0
-15703.8609095
0
0
-17797.7090308
0
0
-17797.7090308
0
0
-19891.5571521
0
0
-19891.5571521
0
0
-12822.2250071
0
0
-12020.8359441
0
0
-12822.2250071
0
0
-13623.6140700
0
0
-14425.0031330
0
0
-13623.6140700
0
0
-14425.0031330
0
0
-15226.3921959
0
0
-16027.7812588
0
0
-15226.3921959
0
0
-38811.0194183
0
0
-33266.5880729
0
0
-12813.6456811
0
0
-12813.6456811
0
0
-13488.0480854
0
0
-19532.4987085
0
0
-10116.0360640
0
0
-11464.8408726
0
0
-11464.8408726
0
0
-33266.5880729
0
0
-12644.9314281
0
0
-20927.6771877
0
0
-3774.12494154
0
0
-10790.4384683
0
0
-10790.4384683
0
0
-12139.2432768
0
0
-12139.2432768
0
0
-47666.6720847
0
0
-37165.8104849
0
0
-30494.3724001
0
0
-27722.1567274
0
0
-30494.3724001
0
0
-33266.5880729
0
0
-30494.3724001
0
0
-30494.3724001
0
0
-36038.8037456
0
0
-33266.5880729
0
0
-10903.0276089
0
0
-18740.1779477
0
0
-36038.8037456
0
0
-36038.8037456
0
0
-21623.2822474
0
0
-21623.2822474
0
0
-20181.7300975
0
0
-20181.7300975
0
0
-20181.7300975
0
0
-18137.3202293
0
0
-20927.6771877
0
0
-20927.6771877
0
0
-11800.7994167
0
0
-3774.12494154
0
0
-19532.4987085
0
0
-19532.4987085
0
0
-22322.8556669
0
0
-22322.8556669
0
0
-23718.0341461
0
0
-11800.7994167
0
0
-25113.2126252
0
0
-23718.0341461
0
0
-25113.2126252
0
0
-26508.3911044
0
0
-13275.8993437
0
0
-13275.8993437
0
0
-27903.5695836
0
0
-26508.3911044
0
0
-14750.9992708
0
0
-21623.2822474
0
0
-23064.8343972
0
0
-10811.6411237
0
0
-11532.4171986
0
0
-11532.4171986
0
0
-12253.1932735
0
0
-24506.3865470
0
0
-23064.8343972
0
0
-24506.3865470
0
0
-25947.9386968
0
0
-12253.1932735
0
0
-12973.9693484
0
0
-12973.9693484
0
0
-13694.7454233
0
0
-27389.4908467
0
0
-25947.9386968
0
0
-27389.4908467
0
0
-28831.0429965
0
0
-13694.7454233
0
0
-14415.5214982
0
0
-11063.2494531
0
0
-12538.3493802
0
0
-12538.3493802
0
0
-14013.4493073
0
0
-14013.4493073
0
0
-11800.7994167
0
0
-11063.2494531
0
0
-11800.7994167
0
0
-12538.3493802
0
0
-13275.8993437
0
0
-12538.3493802
0
0
-13275.8993437
0
0
-14013.4493073
0
0
-14750.9992708
0
0
-14013.4493073
0
0
-52032.1346788
0
0
-44598.9725818
0
0
-26091.4228641
0
0
-26091.4228641
0
0
-27464.6556464
0
0
-32753.6139690
0
0
-20598.4917348
0
0
-23344.9572995
0
0
-23344.9572995
0
0
-44598.9725818
0
0
-60769.7909762
0
0
-18137.9223067
0
0
-21971.7245172
0
0
-21971.7245172
0
0
-24718.1900818
0
0
-24718.1900818
0
0
-27722.1567274
0
0
-33266.5880729
0
0
-40882.3915334
0
0
-40882.3915334
0
0
-33266.5880729
0
0
-21932.1329177
0
0
-48315.5536303
0
0
-48315.5536303
0
0
-25306.3072128
0
0
-25306.3072128
0
0
-23619.2200653
0
0
-23619.2200653
0
0
-23619.2200653
0
0
-18137.3202293
0
0
-20927.6771877
0
0
-20927.6771877
0
0
-12822.2250071
0
0
-18137.9223067
0
0
-35093.1578239
0
0
-23718.0341461
0
0
-12822.2250071
0
0
-23718.0341461
0
0
-26508.3911044
0
0
-14425.0031329
0
0
-14425.0031330
0
0
-26508.3911044
0
0
-16027.7812588
0
0
-25306.3072128
0
0
-26993.3943603
0
0
-14494.6660891
0
0
-15460.9771617
0
0
-15460.9771617
0
0
-16427.2882343
0
0
-28680.4815078
0
0
-26993.3943603
0
0
-28680.4815078
0
0
-30367.5686553
0
0
-16427.2882343
0
0
-17393.5993069
0
0
-17393.5993069
0
0
-18359.9103795
0
0
-32054.6558029
0
0
-30367.5686553
0
0
-32054.6558029
0
0
-33741.7429504
0
0
-18359.9103795
0
0
-19326.2214521
0
0
-12020.8359441
0
0
-13623.6140700
0
0
-13623.6140700
0
0
-15226.3921959
0
0
-15226.3921959
0
0
-16750.7849702
0
0
-15703.8609095
0
0
-16750.7849702
0
0
-17797.7090308
0
0
-18844.6330915
0
0
-17797.7090308
0
0
-18844.6330915
0
0
-19891.5571521
0
0
-20938.4812127
0
0
-19891.5571521
