14.38275876266555
87.16709957162544
-2471.0472653707193
-1674.1828822204438
-2217.0249989435633
-2659.687823598975
147.9541775303435
-2.6245787778628937
490.3271137326119
-1429.890960733375
-768.1278825337199
-78.19210034635661
-96075005574575.58
-325392860529614.9
-986.9131212584059
-1357.583260672256
-619.9053271231362
-343.49335217867133
424.7738925029872
-187184353154965.06
600.8938849136428
-16.979591607487556
-1868.4073762362711
-1064.4509519677126
-1656.1129245475458
17.84132395832603
73.87680150200656
-1379.9105720928567
-344.91838627134877
-321.9075302849725
-132.0429081493082
10466841474513.42
674.9727556611991
-14.81609807654596
-748.0397914527139
-523.7242184451346
-2727.0432362597835
81.37221065488177
39.44603445388437
-340.61810126612244
-37.1012817372088
-10.308329639348898
-13.511774372328906
-21968453919389.27
957.1373461302276
-3.236385115944733
-1725.3485910666832
-1010.7704993622517
-2576.924854892174
95.36906756653016
13.01698039404905
-1448.197775555832
-224.60852425914888
-436.30847812094885
211.81288569946219
-18181677438292.105
387.6936618178724
6.123001205058916
-1758.7491527226005
-1407.784542748493
114.21226503612455
-1277.2742916067139
-362.61737364143386
-300.45960690801564
-163.9162517637461
2108.3444038162847
125.82724400032362
-931.2406687361806
-186.48518923750925
-270.81855273367273
-3.0194763805127565
399.6380317710709
1017.5923371432765
-8.13080329432843
-30.680748846693042
1097.2519158657456
-18.33751839314132
-459.88720787643643
-58.29816475292619
-3.421670364032948
-28.99291296558113
-13.304240063695955
-63.10202047408538
-198.9451224311457
82.90557025547815
6.927209975424508
2.577155717108522
-335.73797647542403
35.414170888460575
-102.66781968544107
1.4704312910879342
-41.83714890442285
4.630493164062493
3.874729892869384
30.443215211891346
-45.44122022580905
-220.59934847027662
-378.5771904769723
-94.14140612318353
39.63959121704101
18.642570495605476
-95.89053487777711
-1.7885627225041087
-24.677083969116218
-22.670135498046957
-84.98345947265624
-333.2727103652752
-137.16217041015625
214.39590454101562
84.57773780822754
-85.14635163545609
55.715265750885
-12.823659211397171
49.66071259975433
-87.16434562206268
178.79899978637695
20.916493892669678
-22.359584808349613
4.547621726989751
-33.17682600021362
-8.911912441253664
31.108660697937008
-0.11580824851979546
-21.005077362060536
15.828670501708983
2.1148443222045916
-4.142956733703613
-84.548828125
-73.38264656066895
12.259168624877926
-187.7816619873047
-12.784559726715088
-1.4660239219665498
-45.45724725723265
14.756095230579378
-0.20613960921763652
-2.496889883652331
-82.88315081596375
10.45396889746189
-3.9620206260587945
-0.5752275884151112
-26.795888417866085
-141.65160056203604
-47.59275814890861
56.94574580062181
10.785730152623728
-1.7241452000162456
-42.31630243733525
53.88471607054816
-2.001443553195674
-1.8395127318797775
-21.236499043167008
-24.184964393280115
4.081879534758537
-26.876090021338563
97.18403297092661
21.669307850765097
-0.664431689166964
-11.161280326990981
2.09966811056792
-10.432678461074826
-2.3305816650390927
1.235976696014405
7.006043910980229
-21.192630988545716
10.94701596349478
22.85348654910922
5.709844892378892
2.2650515139102927
-121.39588165283202
-11.02060576155781
22.61233994178474
17.995684519410133
4.823072381550448
-18.902073442935936
2.3930782163515487
10.02236918998824
0.16431152028963086
14.405183300375942
4.509763528127223
59.71197519053021
17.525135941405097
3.8135665308218503
-66.3877344802022
-4.792753089233886
37.4506438214612
34.936895073267806
15.082031947020312
-9.6247875599656
-0.002694020473427504
42.42661007983033
31.075425067538614
-9.557417742704285
-8.264276129193602
-1.7540684975683691
-12.471115858032137
-1.3473481022519869
-0.6497930876939368
-7.17995304612213
-0.40306188975550933
90.36232443153858
6.666495621204375
-32.73162150382994
-26.745706436457127
-3.9653577774297446
-6.218399703502652
-12.39811687916518
10.306595161557194
-1.540753016248596
-14.16486737335801
-3.370410224349587
-0.5481070578098332
-18.10046143870566
-28.896292953287446
-1.2724654591184028
-4.065966099966316
-15.36711790868139
-8.142419669078667
-0.6193289160728547
0.9186069318675867
-12.395166622744902
-2.8952384749521047
-0.17990528753130627
-6.489623088632013
0.5103734969452307
-0.03733161091795167
-33.73682594299316
-13.105016827583315
-1.9672445151954419
-0.2771540600806555
-16.589191675186136
-5.796199519187212
-0.3974263481795829
19.580932974815365
-18.297696590423605
-1.781034401748961
-0.8492589101806501
31.7168881050311
-7.575165331363689
-2.215062940923582
32.994359644275754
749.9850778122004
11.266173083986587
333.30187815601266
3.5850028991699383
-115.86426383110893
7.324656151251726
-212.52889244298936
-2.3666268016937604
239.7464599609375
2.9646515436448344
7.786047281020791
3.0315697990592327
36.47832201012356
-4.778026810657591
0.09642075491826932
-271.0204955834029
-65.64852510762935
-2.359752535819938
-2.258819526157977
-125.97145624219563
78.25261827546551
2.0755646824836136
1.6977830715478581
1.9718421623110862
4.019763537042311
-12.003651470249856
-0.17026364803314142
-76.06873089075089
-53.02374464273453
85.16585394740105
-62.60441198013723
1.0619919593445957
110.28793347347528
11.204475630074741
-0.028925720136613233
7.112179557327181
6.553177013993263
32.33157525211573
24.464228364311566
26.651904211379584
13.54376078984933
2.3766842348704817
7.899315192047084
53.118431322043755
-118.71841730291828
-200.4051955625745
102.12025256322504
11.727732853208794
477.7006431907382
1151.1199558675953
6.418641025337222
-12.94330959691498
-195.92834458837123
-660.5115884327186
-18.623573435818624
-10.437769695705056
-254.12672509936667
-407.26539787978464
3.4329752997048524
-584.639888756399
-306.78349096371085
230.3436540619313
41.065025818108936
24.74209976196289
-511.7204497576834
16.397119998931885
-218.6965789794922
71.71304368972778
12.812974102795124
173.78320980072021
275.7478199005127
382.9915245468284
12.827167510986328
1.2598060881718993
-18.025738961994648
-15.59519744105637
-31.941988073289394
10.261036325246096
-5.866928439470939
-3.8453783923760056
-1.7018747846459519
-1.6896468194318004
3.5094655769862584
-21.455878676805696
13.448390154255321
81.72743679024279
-4.374335221742513
-5.958747385520837
15.146280757908244
188.03266966342926
-315.1263208389282
-28.639324262738228
-58.39408116042614
18.94557700585574
-112.1781405583024
-95.43258441318176
-5.341278716767114
3.129701401510829
-7.165938153075899
-39.574627397116274
-28.306050461524137
-18.25007569949321
-3.1359434734620777
-51.31343091149756
-52.833989925848414
-0.28212772559110383
-0.23614376940599166
12.281256483232905
-14.45231638760272
3.851045645033537
-11.22708696938389
26.67058326950288
-3.11242991583199
3.5384231801415473
18.379581124934063
-3.324025229208851
-8.00950397181441
-4.246060376055539
-1.2204836434320896
2.8726818716531852
-14.630724195911853
2.113305549042707
4.089731262390757
2.412887468620738
-0.72026293779345
-83.41713593306486
-3.7625830931756354
4.957862745373518
5.160882745262825
2.3751895066048228
-13.658547199702298
3.600990279413395
0.8408208078998056
-2.210041024242039
0.8189884512947856
-0.36550069344413305
29.895222813162174
15.461556813391864
13.710694513342894
-52.12929410716879
5.043426308055018
53.56215841366436
22.297798837118407
18.92176395814388
-11.631001646892386
6.770148040612523
26.23835427456345
32.03975652559541
-10.726793493592677
-7.821991286827256
-0.7182619055631251
-4.253169969944938
-3.066418727493916
3.692723332285104
5.14799004377567
3.7178296833344695
20.70229376653515
8.23136461678223
8.144057014214923
7.8462611213689115
7.728274062044875
-0.5926620076240848
6.254904976253936
1.448213493473787
2.1435077456394533
-2.4993165292795236
29.28502086163679
7.529819056583946
-3.5255805192419167
29.719928578004755
4.2401732963339915
4.04374130253609
0.7923908233642547
-12.423797607421893
20.1881988038832
66.5923972514159
-0.6799014696258894
-6.0502677280942265
-1.8765568442242966
-41.45807968336374
-1.7502149653366246
4.189273231147659
-1.7254596035927539
-0.41650851396843797
-3.2432737534982152
-2.6902174716669833
-12.750542306192074
-20.41634159578341
308.1105127334595
259.0500517487526
48.47045686841011
-236.7990513117984
1.636540356077603
708.9570638359401
13.193878997582942
26.13992563771899
8.415694982453715
-11.050572934909724
-2.071007825498782
24.357112404513828
-45.64733751738231
-3.8939113781398476
-79.61990214291336
11.93434775964056
-6.574972556272368
2.8147514586617435
-33.54750757678091
-1.462747545372224
574.239760503476
1206.0678112128787
-2.472152466495039
-264.8534087093525
-22.24456508155794
-16.10667992045448
1.5678290815258333
-6.5509510040283185
51.67243445327677
191.74613752193412
-1.8213016199029124
24.738335511072766
-3.411288665825457
71.81376647949219
13.666584014892578
11.704740524291992
64.11279296875
135.28884267807007
-76.37239170074463
104.52437496185303
5.56698477268219
116.97876131534576
177.46840476989746
301.68771743774414
4.725737482309341
6.989287007600069
-11.421598663553596
11.983394995331764
118.25938468426466
-15.486658960580826
37.03092013113201
134.4509333744645
2.473875633386342
6.323962823254988
3.8933684263465693
54.77479239228842
22.813879410387017
201.50831336900592
30.845972722803708
0.7803007687325589
21.235579244152177
744.0266888234764
-37.66861652769148
234.41054606437683
-16.579187035560608
31.31838159635663
-10.262552380561829
33.6813036063686
-11.131218556314707
4.4972793940105475
1.5960362735334002
21.797870384547423
32.90858119855113
-8.133578148670495
12.471471336153627
2.206518182561922
1.0348213300020743
-7.203933995246189
-0.5689053531584705
1.1965432066920094
8.638506257129542
21.273071122254553
4.249242858165666
13.62167256467501
-3.8170642216473425
16.72891141673544
1.821415221986982
0.7550619016624072
-1.0895131967994673
2.468265568964838
-18.263505365262972
-9.883918151259422
0.3001280257012696
-4.5066376477479935
-9.386231029830782
-5.496791961186773
4.516390088516346
22.765353550512515
0.8880035214976659
3.766072164030561
25.509606730611267
27.73266064375639
8.250294564015348
36.403084083009475
5.179546267034311
4.0099784575361355
-2.146567624164163
-3.048010669890573
18.38472662601096
15.826611410174687
-1.2902790862950726
0.11484604251183529
1.0103628834026743
6.9147296518111
0.02699151923601812
3.1483593259655436
10.800053557293722
2.1462397421128108
1.446420295746064
9.202890464788652
0.7601580093614922
2.9407857807163964
-0.7508415454067051
-0.5076164129422932
6.037297466749202
5.208124125171899
-1.6924352116077495
-0.3224836190896929
7.303784277035966
3.693350635049285
19.049827923478006
157.99769769035993
4.595240625010291
14.468013071334326
-49.64679920791633
-2.729925985542575
60.82580969584251
-0.08025365569665154
3.687323449819813
-33.15107450492178
-1.6082744513655598
-1.7742059230804443
-97.4000244140625
-2.2126789093017574
-337.1223074996819
-1.4019875876835453
-1.5738325407018592
-0.03541495108072474
-8.47242296580121
0.9170331957102095
1.3325535608455539
0.5151105695404112
0.1443057798314839
-0.24685095617860509
-1.175948820042322
2.418775119967736
-335.21124267578125
145.37430262565613
-87.85872340202332
-67.71583604812622
90.54674524068832
13.88943962752819
-3.628884017467499
12.77782560698688
-30.565819889307022
-6.208564944565296
36.08548657782376
31.141499882374774
3.007270496455021
-4.918419396867648
-8.252169932802701
1.0979900178936077
-0.5844820498739409
-11.78002370897116
356.3245925868621
1065.98922942137
-3.0235241638032346
-108.47229223831812
917.9285084611494
-54.86815027027418
-451.5867463206479
195.45646014375333
16.417274475097656
47.86690859742787
144.26511371888958
145.1578843286641
-238.21419879750906
335.3409881591797
146.8277645111084
-2.8505308628082275
-290.1903381347656
0.9803323745727539
-242.6176769733429
78.04140281677246
133.13187503814697
3.026423931121826
9.29242992401123
43.683921813964844
-15.906768798828125
1.7914485037326813
43.24276793003082
-130.51440460979939
-1.7792900499189273
-47.389810770750046
-26.302391827106476
147.16972036659718
-120.28801163018215
-69.1656490934547
-19.930951145244762
77.14050460397266
144.86919772974215
221.47174084186554
-18.233455512672663
-213.37273716926575
-82.3656459748745
-1.932331770658493
-46.77970999479294
-44.739339638501406
-16.85920438915491
-1.4645831898669712
-91.86430157721043
-45.07131993933581
-3.5961179541873207
5.269992475077743
-18.690856279857826
209.43580865680087
-47.09987930301577
24.832358046551235
-2.4230137744416425
-0.9497221407050348
-44.855657552252524
-8.364405431506384
-1.5705825367153954
0.6006587191478446
-10.302293523976356
-24.117509416273034
8.10764185366952
-21.739977789075056
65.93591638013095
9.162351589358373
0.051835856472026307
-8.041847972237042
1.6243631108965688
-21.60141284042038
-8.908754408359528
0.1985723953694106
9.78027484472841
-33.37590865070479
15.098491306052892
26.73648129701178
4.358244861574349
0.17338822211604568
-159.3827815540135
-11.261543894332135
20.353175460470993
20.89881909974065
3.15955004632454
-20.44295437214896
4.169461364383096
8.453246825361587
-6.871054237129222
24.74355323275995
5.91536526054972
61.681420594521725
11.794001582640828
0.23519513734967748
-87.79481902294356
-4.544478986661915
25.1568609165061
42.96537425476896
12.24606391072363
-8.302427653009772
0.8013470877340116
42.25454823642705
26.244355532712852
-6.256241546434097
-5.513518545253646
-0.9833762861339894
-10.493769816789486
-1.262521952692353
-0.23481071334045295
-4.1839818730139475
-0.289994855267731
118.26910599325493
6.493461311809369
-13.210492036072537
-17.141516397329156
-1.8378692848726814
-0.5517585526104085
-11.880840557713498
-2.1735017735236557
-0.5788913635486213
-10.282415159298765
-21.9882990969782
-0.8141696500199097
0.7457360761176735
-9.880038925705666
-2.1980484107303564
-0.16634723910683044
-3.303030014038086
0.3320768249403161
-2.6797901409140916
-244.17315704500214
1.2133309705959618
2.7862792985777105
0.7711177856617724
7.724170776556833
-0.6879281569316239
-6.62802442163229
0.3041433319449425
-1.123165155760944
0.07398356916382905
-0.9822863074368797
-15.82297608833464
-20.083118438720703
-126.45192885398865
-66.46043372154236
104.94339048862457
-103.53710143081844
-3.882232893258333
114.77766363509
4.830567223485559
1.6123253679834306
13.573068918660283
5.004700391902588
2.483454600253026
23.015631204092642
-2.436666169553064
-11.185602806983297
6.619583509896074
7.757735480899157
20.415737218789218
1173.3734174718295
2679.4076198612515
1.0322325533802772
-35.55992815461555
-225.9828625243973
8.84153563416403
-545.1123934053205
123.48211437853563
-6.584821739473301
-149.06253434538817
-182.39044861081186
-417.3733873378114
-298.5080061556054
315.76058585769357
103.56288178566317
13.010175704956055
-419.03001905073813
-46.66993188858032
-226.87798643112183
137.5710573196411
-5.292452931404114
-82.89927875995636
-78.75078582763672
-338.8318394898477
3.935730293393135
-2.7868630844168365
-39.86770369671285
-14.126664571464062
-51.34758786857128
13.037270329892635
-9.402142502134666
-9.953924993053079
3.5915109892375767
11.047596340999007
11.420557074365206
55.360541137536984
-17.6118295766355
32.98091747611761
31.328959961625515
-11.950936476670904
5.795026520150714
266.6289310455322
-216.77494049072266
25.636128902435303
-54.61399459838867
64.75805850327015
-77.67034387588501
-21.747939231805503
0.4585276586803957
0.05919548893143656
4.849213913415184
-41.197883665561676
31.62433360842988
1.885058100160677
4.112732099083587
-37.35614803060889
4.581325344770448
3.834417489574605
-1.2461686759167208
22.41845431653198
4.206808677807562
-2.6659961020511673
-16.619226794457063
61.76843352779542
8.554548948430693
6.508727488766731
25.27030566679995
-6.236587457783288
-20.51596835959208
-14.086455915123224
-5.396136757248314
4.217640302143991
-16.4211185687102
-1.0733354088442866
-4.7301803693382
-4.195791738813114
-7.370245132333366
-91.45787310227752
-7.2794651069789325
-10.993169083418024
-1.5689416840250487
-3.0246171087068916
-11.443856814876199
2.9154656364539733
-3.574176054805964
-4.470473009056197
-2.2518540787843904
-1.4984225120817491
18.147032944206934
4.5185840861519075
4.145608634490415
-54.92556387109016
0.986744707269203
27.696832236369783
19.022651864899395
6.776008129343168
-8.519996182436898
5.2710681279492295
15.541054781183727
18.15274079670056
-8.07774518484958
3.1410387486718037
0.013562342065126742
1.7399391954615413
-0.20915906951823793
3.7776431471448406
8.468782500669622
3.739065581541249
11.172955930083845
1.5887616196123417
10.007383623647911
-5.618118187154437
-3.2716195821155907
1.0058447207206882
-6.434953698526538
-1.1557926689939715
-2.846353161917591
-0.6415064593264894
12.246048932316965
2.8718542017752933
-1.7445247786224296
11.194706337825592
1.7156843049043007
1.1324847421960031
5.691739367335628
-137.89169376898485
14.381085850475769
-117.82386472235797
1.0953701137996177
1.9357811418249184
0.3301602891915536
13.554729144335809
-0.15809491661755715
-2.015380172007326
1.806549310684204
2.791726306080818
-0.40064732381142676
0.5016024317592382
-0.6247305555625644
-6.601143253464027
99.80189627312441
174.88169860839844
0.6503143310546875
-43.86375188827515
24.410532273352146
269.1048791781068
-8.41014800965786
16.338143281638622
17.92218653857708
75.82729136035778
10.356794396182522
12.615776805207133
3.849142405000748
0.5678937707562
-7.575305400376237
1.6534450608305633
-1.8365975048482142
-0.47647951934777666
11.441669369258591
0.4433994283995446
5.043324915472329
-122.92417020070715
-158.91289415290098
14.827913925262186
-318.67834249342104
3.525529257199277
13.2106211781078
4.893465042114258
259.3378385750454
462.23573077448447
717.8731260501575
21.073196411132812
2.4785146713256836
-6.1148529052734375
-1.3228073120117188
-82.26477432250977
-1.9200935363769531
-22.955294132232666
-65.37028312683105
-0.727882094681265
0.6851966381073186
3.8705223798751858
64.73625027993694
-1.9027657210826876
71.7711591720581
31.08445903658867
2.9453113824129105
3.1091092228889465
261.29255747795105
-14.731674790382385
2.398357211612162
10.06245304644108
21.74526174343191
1.093389889225369
2.2458543556276744
2.0148406517473556
3.781028368510309
18.90381619888103
10.164886763333925
4.100675163790582
3.14819079618611
1.9155086704540851
12.366569799111858
-1.4875393902839318
-8.182189732789993
-6.062932968139648
-0.9173098057508469
4.130912184715271
-2.935449346783571
-0.4388459629844874
0.05319322273135184
-0.607165792491287
0.21769943076651543
-0.4440754125826061
12.301976967602968
-25.03294050693512
7.670218527317047
28.36719081737101
7.373059835284948
-0.7157723854179494
-7.198430649936199
1.5531468950212002
-1.872174665669263
-3.628609164254158
-1.0212918035686016
-0.2484166854437717
-1.0022919983312022
-9.398628270946801
-0.09784179234111433
-3.4589518720278534
7.624259485586663
-20.313390934839845
3.3376813301001675
16.90199792874955
2.5187372965883696
-3.3867738082425376
-2.655026477528736
1.6138872526935302
-7.945254697317914
-7.321959061849292
1.23010954743404
-0.10328999861790679
6.610131008965254
5.647274127351736
61.280493568629026
113.39875077828765
24.367057852825383
8.938869455014355
-5.001072039100109
1.6883623557066585
45.174600187601754
22.970881412712288
0.703732561265042
4.685234437249278
1.6210700270022969
